5.999999999999999778e-01
2.720000000000000195e-01
1.670000000000000095e-01
2.179999999999999993e-01
8.000000000000000167e-03
2.129999999999999893e+00
3.990000000000000213e-01
6.177894736842105550e-01
6.177894736842105550e-01
6.177894736842105550e-01
8.080000000000000515e-01
1.000000000000000000e+00
1.110000000000000014e-01
1.380000000000000115e-01
3.980000000000000204e-01
2.760000000000000231e-01
9.800000000000000377e-02
6.177894736842105550e-01
6.177894736842105550e-01
6.177894736842105550e-01
6.177894736842105550e-01
6.177894736842105550e-01
6.177894736842105550e-01
6.177894736842105550e-01
6.177894736842105550e-01
6.177894736842105550e-01
6.177894736842105550e-01
6.177894736842105550e-01
6.177894736842105550e-01
6.177894736842105550e-01
6.177894736842105550e-01
6.177894736842105550e-01
6.177894736842105550e-01
5.242499999999999938e-02
1.932648401111110914e+00
6.177894736842105550e-01
6.177894736842105550e-01
6.177894736842105550e-01
6.177894736842105550e-01
6.177894736842105550e-01
6.177894736842105550e-01
5.242499999999999938e-02
6.177894736842105550e-01
6.177894736842105550e-01
6.177894736842105550e-01
6.177894736842105550e-01
6.177894736842105550e-01
6.177894736842105550e-01
6.177894736842105550e-01
6.177894736842105550e-01
6.177894736842105550e-01
6.177894736842105550e-01
6.177894736842105550e-01
6.177894736842105550e-01
6.177894736842105550e-01
6.177894736842105550e-01
5.242499999999999938e-02
6.177894736842105550e-01
6.177894736842105550e-01
6.177894736842105550e-01
6.177894736842105550e-01
6.177894736842105550e-01
6.177894736842105550e-01
6.177894736842105550e-01
6.177894736842105550e-01
6.177894736842105550e-01
6.177894736842105550e-01
6.177894736842105550e-01
6.177894736842105550e-01
6.177894736842105550e-01
5.190000000000000284e-06
6.750000000000000086e-05
0.000000000000000000e+00
2.999999999999999889e-01
2.000000000000000042e-03
0.000000000000000000e+00
5.000000000000000000e-01
0.000000000000000000e+00
0.000000000000000000e+00
0.000000000000000000e+00
0.000000000000000000e+00
0.000000000000000000e+00
0.000000000000000000e+00
0.000000000000000000e+00
0.000000000000000000e+00
0.000000000000000000e+00
0.000000000000000000e+00
0.000000000000000000e+00
0.000000000000000000e+00
0.000000000000000000e+00
0.000000000000000000e+00
0.000000000000000000e+00
0.000000000000000000e+00
0.000000000000000000e+00
0.000000000000000000e+00
0.000000000000000000e+00
0.000000000000000000e+00
1.600000000000000089e+00
3.589999999999999858e+01
6.177894736842105550e-01
0.000000000000000000e+00
1.231000000000000050e+01
0.000000000000000000e+00
0.000000000000000000e+00
1.313377699999999981e+00
2.299212499999999937e-01
1.695531399999999911e-01
1.016871899999999940e+00
1.505230800000000035e-01
7.355922199999999356e-02
6.733316599999999985e-01
2.477768399999999982e-01
0.000000000000000000e+00
7.430061300000000424e-01
1.155795000000000017e-01
1.366472800000000098e-01
0.000000000000000000e+00
2.635901000000000050e+00
3.115502199999999888e+00
1.848284800000000061e+00
1.579422099999999940e+00
1.811149499999999968e+00
2.209812400000000121e+00
1.772267500000000107e+00
2.199977000000000071e+00
1.406404100000000046e+00
1.847865300000000044e+00
2.090608000000000022e+00
2.183953900000000115e+00
1.724570299999999889e+00
1.115058199999999999e+00
1.988995199999999963e+00
1.936474500000000099e+00
2.336107800000000179e+00
1.700000000000000000e+02
9.853174199999999994e-01
5.242499999999999938e-02
5.242499999999999938e-02
5.242499999999999938e-02
5.242499999999999938e-02
5.242499999999999938e-02
1.000000000000000048e-04
5.500000000000000000e+04
1.469999999999999973e+00
1.000000000000000056e-01
1.950000000000000067e-01
6.199999999999999956e-02
1.000000000000000000e+00
1.000000000000000000e+00
1.000000000000000000e+00
1.000000000000000000e+00
1.000000000000000000e+00
1.000000000000000000e+00
1.000000000000000000e+00
1.000000000000000000e+00
1.000000000000000000e+00
1.000000000000000000e+00
1.000000000000000000e+00
1.000000000000000000e+00
1.000000000000000000e+00
1.000000000000000000e+00
1.000000000000000000e+00
1.000000000000000000e+00
1.000000000000000000e+00
1.000000000000000000e+00
1.000000000000000000e+00
1.000000000000000000e+00
1.000000000000000000e+00
1.000000000000000000e+00
1.000000000000000000e+00
1.000000000000000000e+00
1.000000000000000000e+00
1.000000000000000000e+00
1.000000000000000000e+00
1.000000000000000000e+00
1.000000000000000000e+00
1.000000000000000000e+00
1.000000000000000000e+00
1.000000000000000000e+00
1.000000000000000000e+00
1.000000000000000000e+00
1.000000000000000000e+00
1.000000000000000000e+00
1.000000000000000000e+00
1.000000000000000000e+00
1.000000000000000000e+00
1.000000000000000000e+00
1.000000000000000000e+00
1.000000000000000000e+00
1.000000000000000000e+00
1.000000000000000000e+00
1.000000000000000000e+00
1.000000000000000000e+00
1.000000000000000000e+00
1.000000000000000000e+00
1.000000000000000000e+00
1.000000000000000000e+00
1.000000000000000000e+00
1.000000000000000000e+00
1.000000000000000000e+00
1.000000000000000000e+00
1.000000000000000000e+00
1.000000000000000000e+00
1.000000000000000000e+00
1.000000000000000000e+00
1.000000000000000000e+00
1.000000000000000000e+00
1.000000000000000000e+00
1.000000000000000000e+00
1.000000000000000000e+00
1.000000000000000000e+00
1.000000000000000000e+00
1.000000000000000000e+00
1.000000000000000000e+00
1.000000000000000000e+00
1.000000000000000000e+00
1.000000000000000000e+00
1.000000000000000000e+00
1.000000000000000000e+00
1.000000000000000000e+00
1.000000000000000000e+00
1.000000000000000000e+00
1.000000000000000000e+00
1.000000000000000000e+00
1.000000000000000000e+00
1.000000000000000000e+00
1.000000000000000000e+00
1.000000000000000000e+00
1.000000000000000000e+00
1.000000000000000000e+00
1.000000000000000000e+00
1.000000000000000000e+00
1.000000000000000000e+00
1.000000000000000000e+00
1.000000000000000000e+00
1.000000000000000000e+00
1.000000000000000000e+00
1.000000000000000000e+00
1.000000000000000000e+00
1.000000000000000000e+00
1.000000000000000000e+00
1.000000000000000000e+00
1.000000000000000000e+00
1.000000000000000000e+00
1.000000000000000000e+00
1.000000000000000000e+00
1.000000000000000000e+00
1.000000000000000000e+00
1.000000000000000000e+00
1.000000000000000000e+00
1.000000000000000000e+00
1.000000000000000000e+00
1.000000000000000000e+00
1.000000000000000000e+00
1.000000000000000000e+00
1.000000000000000000e+00
1.000000000000000000e+00
1.000000000000000000e+00
1.000000000000000000e+00
1.000000000000000000e+00
1.000000000000000000e+00
1.000000000000000000e+00
1.000000000000000000e+00
1.000000000000000000e+00
1.000000000000000000e+00
1.000000000000000000e+00
1.000000000000000000e+00
1.000000000000000000e+00
1.000000000000000000e+00
1.000000000000000000e+00
1.000000000000000000e+00
1.000000000000000000e+00
1.000000000000000000e+00
1.000000000000000000e+00
1.000000000000000000e+00
1.000000000000000000e+00
1.000000000000000000e+00
1.000000000000000000e+00
1.000000000000000000e+00
1.000000000000000000e+00
1.000000000000000000e+00
1.000000000000000000e+00
1.000000000000000000e+00
1.000000000000000000e+00
1.000000000000000000e+00
1.000000000000000000e+00
1.000000000000000000e+00
1.000000000000000000e+00
1.000000000000000000e+00
1.000000000000000000e+00
1.000000000000000000e+00
1.000000000000000000e+00
1.000000000000000000e+00
1.000000000000000000e+00
1.000000000000000000e+00
1.000000000000000000e+00
1.000000000000000000e+00
1.000000000000000000e+00
1.000000000000000000e+00
1.000000000000000000e+00
1.000000000000000000e+00
1.000000000000000000e+00
1.000000000000000000e+00
1.000000000000000000e+00
1.000000000000000000e+00
1.000000000000000000e+00
1.000000000000000000e+00
1.000000000000000000e+00
1.000000000000000000e+00
1.000000000000000000e+00
1.000000000000000000e+00
1.000000000000000000e+00
1.000000000000000000e+00
1.000000000000000000e+00
1.000000000000000000e+00
1.000000000000000000e+00
1.000000000000000000e+00
1.000000000000000000e+00
1.000000000000000000e+00
1.000000000000000000e+00
1.000000000000000000e+00
1.000000000000000000e+00
1.000000000000000000e+00
1.000000000000000000e+00
1.000000000000000000e+00
1.000000000000000000e+00
1.000000000000000000e+00
1.000000000000000000e+00
1.000000000000000000e+00
1.000000000000000000e+00
1.000000000000000000e+00
1.000000000000000000e+00
1.000000000000000000e+00
1.000000000000000000e+00
1.000000000000000000e+00
1.000000000000000000e+00
1.000000000000000000e+00
1.000000000000000000e+00
1.000000000000000000e+00
1.000000000000000000e+00
1.000000000000000000e+00
1.000000000000000000e+00
1.000000000000000000e+00
1.000000000000000000e+00
1.000000000000000000e+00
1.000000000000000000e+00
1.000000000000000000e+00
1.000000000000000000e+00
1.000000000000000000e+00
1.000000000000000000e+00
